[0.8308187870293351, 0.8279799059188647, 0.32471844480913314] : 1
[0.9945107749109855, 0.33737783258730103, 0.24213323286077193] : 1
[0.8741737130746465, 0.7857815084866424, 0.5343801317258715] : 4
[0.796208074711468, 0.016574310396676784, 0.3886102186220848] : 1
[0.8061634416261851, 0.7920683172318629, 0.7904853251917869] : 2
[0.3288382167310202, 0.5444759215547924, 0.43928003900719137] : 2
----------------------------
[0.8741737130746465, 0.7857815084866424, 0.5343801317258715] : 5
[0.8061634416261851, 0.7920683172318629, 0.7904853251917869] : 4
[0.3288382167310202, 0.5444759215547924, 0.43928003900719137] : 4
[0.6015059649028334, 0.6651287150207175, 0.48683008536653144] : 0
[0.8401685773504158, 0.7889249128592526, 0.6624327284588292] : 1
[0.6015059649028334, 0.6651287150207175, 0.48683008536653144] : 3
----------------------------
[0.8741737130746465, 0.7857815084866424, 0.5343801317258715] : 2
[0.8061634416261851, 0.7920683172318629, 0.7904853251917869] : 3
[0.3288382167310202, 0.5444759215547924, 0.43928003900719137] : 2
[0.5675008291786027, 0.6682721193933276, 0.6148826820994892] : 2
[0.8401685773504158, 0.7889249128592526, 0.6624327284588292] : 2
[0.8401685773504158, 0.7889249128592526, 0.6624327284588292] : 3
-----------------------------------------------------------------------------
[0.20405352686867295, 0.026354834402843252, 0.37737707455271496] : 3
[0.3164777377565733, 0.7822217879535658, 0.07307517777224348] : 3
[0.10530941281516193, 0.867489490145331, 0.0024953357774439855] : 3
[0.30096062777730304, 0.8265620166696931, 0.814943292864776] : 3
[0.4160070467158583, 0.41743193212560903, 0.9203801333295327] : 1
[0.7626508483572552, 0.5996566695635518, 0.027756097641483568] : 3
-------------------------------------------------------------------------------------------------------
[0.13294714046491385, 0.13042886847155521, 0.15412655909382744] : 4
[0.6548726530420834, 0.1119411564753876, 0.5707051619381885] : 5
[0.7207621747628944, 0.2738756380337165, 0.9164259848889476] : 5
[0.3501970806947444, 0.13028339430272662, 0.7852317384219026] : 4
[0.9121757126195897, 0.9335849360602123, 0.3711754028945127] : 3
[0.4567971170128363, 0.4287791288079602, 0.5402920188780788] : 4
[0.33505593717524285, 0.8346389242404495, 0.9599231210444864] : 4
[0.01118116277510195, 0.7538425309005709, 0.31348723714830107] : 7
[0.6931631857452242, 0.9909461031792495, 0.1038990273995493] : 5
[0.8884248296346862, 0.3330693324466302, 0.9062947374414446] : 2
----------------------------
[0.01118116277510195, 0.7538425309005709, 0.31348723714830107] : 4
-----------------------------------------------------------------------------------------------------------------------
[0.8657250322674495, 0.13427496773255054] : 9
[0.6466406815660523, 0.35335931843394774] : 10
---------------------------------------------------------------------------------------------------------------------
[0.41963457302652774, 0.5803654269734723] : 9
[0.9085872975842851, 0.09141270241571486] : 9
[0.2502880708272993, 0.7497119291727007] : 10
[0.793312161716134, 0.20668783828386605] : 10
---------------------------------------------------------------------------------------------------------------
[0.9739586507161665, 0.026041349283833504] : 9
[0.40527988603044396, 0.594720113969556] : 9
[0.8440723019116055, 0.15592769808839446] : 10
[0.05004385772792552, 0.9499561422720745] : 9
[0.8613191880709982, 0.13868081192900183] : 8
[0.2595688321869244, 0.7404311678130756] : 9
[0.42694364802409346, 0.5730563519759065] : 9
-----------------------------------------------------------------------------------------------------------------
[0.5475284777765288, 0.7894903872357243, 0.2548329499180214] : 4
